3826577.109500 461022.900196 5064892.758000
3826575.090500 461022.657196 5064894.296000
3826575.771500 461025.005196 5064893.572000
3826577.909500 461025.263196 5064891.944000
3826579.128500 461023.143196 5064891.220000
3826578.447500 461020.795196 5064891.944000
3826576.309500 461020.537196 5064893.572000
3826574.036500 461018.775195 5064895.437000
3826572.516500 461022.347195 5064896.256000
3826573.144500 461026.177195 5064895.438000
3826575.628500 461028.475196 5064893.365000
3826578.805500 461028.164196 5064891.009000
3826581.188500 461025.390196 5064889.471000
3826581.662500 461021.450196 5064889.471000
3826580.006500 461018.190196 5064891.009000
3826576.995500 461017.133196 5064893.365000
3826576.272500 461013.726196 5064894.215000
3826573.376500 461014.469195 5064896.322000
3826570.181500 461017.749195 5064898.424000
3826569.112500 461024.945195 5064898.576000
3826569.852500 461027.976195 5064897.746000
3826572.070500 461031.095195 5064895.800000
3826575.368500 461031.959196 5064893.246000
3826579.971500 461030.917196 5064889.885000
3826583.385500 461028.524196 5064887.539000
3826584.999500 461024.537196 5064886.688000
3826584.442500 461020.707196 5064887.452000
3826582.564500 461016.605196 5064889.232000
3826579.539500 461014.081196 5064891.731000
3826574.724500 461009.083195 5064895.797000
3826571.744500 461010.132195 5064897.939000
3826569.960500 461012.435195 5064899.070000
3826567.013500 461019.699195 5064900.626000
3826565.109500 461021.640195 5064901.880000
3826567.204500 461028.490195 5064899.688000
3826569.542500 461032.470195 5064897.573000
3826571.812500 461036.793195 5064895.478000
3826574.471500 461036.116195 5064893.544000
3826578.276500 461035.734196 5064890.722000
3826583.531500 461032.936196 5064887.030000
3826585.419500 461031.329196 5064885.758000
3826587.195500 461026.381196 5064884.873000
3826589.188500 461022.935197 5064883.688000
3826586.727500 461014.817196 5064886.269000
3826584.542500 461012.072196 5064888.157000
3826581.014500 461009.055196 5064891.078000
3826603.455510 460977.274198 5064877.107000
3826612.589500 461053.051198 5064863.401000
3826516.791510 460930.018191 5064946.429000
3826514.771510 460929.774191 5064947.967000
3826515.452500 460932.123191 5064947.243000
3826517.591510 460932.380191 5064945.615000
3826518.810510 460930.261191 5064944.891000
3826518.129510 460927.913191 5064945.615000
3826515.991510 460927.655191 5064947.243000
3826521.344510 460928.568192 5064943.142000
3826519.688510 460925.308191 5064944.680000
3826516.676510 460924.251191 5064947.036000
3826513.718510 460925.893191 5064949.109000
3826512.197510 460929.464191 5064949.927000
3826512.826500 460933.295191 5064949.109000
3826515.310500 460935.593191 5064947.037000
3826518.487500 460935.281191 5064944.680000
3826520.870510 460932.508192 5064943.142000
3826523.638510 460933.271192 5064940.995000
3826524.704510 460929.807192 5064940.509000
3826524.166510 460924.869192 5064941.358000
3826519.739510 460920.454191 5064945.080000
3826517.224510 460919.880191 5064947.020000
3826513.839510 460920.862191 5064949.472000
3826511.434510 460924.032191 5064950.991000
3826509.643500 460929.476191 5064951.844000
3826509.441500 460934.248191 5064951.563000
3826511.336500 460937.797191 5064949.821000
3826514.308500 460938.931191 5064947.487000
3826518.191500 460938.761191 5064944.588000
3826521.604500 460936.638192 5064942.218000
3826527.718510 460933.703192 5064937.894000
3826528.618510 460930.008192 5064937.552000
3826527.989510 460927.039192 5064938.293000
3826524.541510 460920.564192 5064941.466000
3826524.230510 460917.628192 5064941.965000
3826518.314510 460916.787191 5064946.482000
3826514.264510 460917.509191 5064949.456000
3826510.012510 460918.002191 5064952.604000
3826509.029510 460921.180191 5064953.054000
3826507.214510 460925.463191 5064954.029000
3826506.289500 460932.406191 5064954.096000
3826506.376500 460935.174191 5064953.780000
3826508.850500 460939.333191 5064951.547000
3826510.161500 460943.047191 5064950.228000
3826517.161500 460944.068191 5064944.882000
3826520.267500 460942.952192 5064942.651000
3826524.297500 460940.509192 5064939.846000
3826478.141510 460906.374188 5064977.577990
3826495.639500 460979.543190 5064957.829990
3826654.240510 460939.528201 5064842.397000
3826652.220510 460939.284201 5064843.935000
3826652.902510 460941.633201 5064843.211000
3826655.040510 460941.890201 5064841.583000
3826656.259510 460939.771202 5064840.859000
3826655.578510 460937.423201 5064841.583000
3826653.440510 460937.165201 5064843.211000
3826652.759510 460945.103201 5064843.004000
3826655.936510 460944.791202 5064840.648000
3826658.319510 460942.018202 5064839.110000
3826658.793510 460938.078202 5064839.110000
3826657.137510 460934.818202 5064840.648000
3826654.126510 460933.761201 5064843.004000
3826651.167510 460935.403201 5064845.076000
3826649.647510 460938.974201 5064845.895000
3826650.275510 460942.805201 5064845.077000
3826648.230510 460945.448201 5064846.373000
3826650.060510 460948.170201 5064844.753000
3826653.792510 460949.826201 5064841.802000
3826659.289510 460947.047202 5064837.928000
3826661.064510 460944.589202 5064836.817000
3826662.230510 460940.488202 5064836.312000
3826661.338510 460936.455202 5064837.347000
3826658.527510 460932.053202 5064839.855000
3826655.313510 460929.673201 5064842.482000
3826651.805510 460930.112201 5064845.075000
3826649.390510 460932.807201 5064846.645000
3826647.384510 460937.078201 5064847.764000
3826646.997510 460941.726201 5064847.635000
3826645.698510 460949.660201 5064847.893000
3826647.779510 460952.306201 5064846.092000
3826650.191510 460952.972201 5064844.221000
3826656.586510 460952.182202 5064839.492000
3826658.801510 460953.177202 5064837.740000
3826662.622510 460947.168202 5064835.415000
3826664.333510 460942.467202 5064834.555000
3826666.316510 460937.651202 5064833.502000
3826664.640510 460935.149202 5064834.986000
3826662.649510 460931.249202 5064836.833000
3826658.320510 460927.104202 5064840.458000
3826656.344510 460925.943202 5064842.045000
3826652.094510 460926.731201 5064845.164000
3826648.791510 460926.463201 5064847.668000
3826644.252510 460933.560201 5064850.433000
3826643.331510 460937.422201 5064850.775000
3826642.828510 460942.882201 5064850.660000
3826664.882510 460885.708202 5064839.274000
3826611.489510 460929.214198 5064875.419000
3826668.793500 461069.502202 5064819.725000
3826666.773500 461069.259202 5064821.263000
3826667.455500 461071.607202 5064820.540000
3826669.593500 461071.865202 5064818.911000
3826670.812500 461069.745203 5064818.188000
3826670.131500 461067.397202 5064818.911000
3826667.993500 461067.139202 5064820.539000
3826672.168500 461065.304203 5064817.572000
3826669.326500 461063.728202 5064819.847000
3826666.235500 461064.852202 5064822.066000
3826664.341500 461068.153202 5064823.189000
3826664.530500 461072.084202 5064822.692000
3826666.714500 461074.807202 5064820.806000
3826669.871500 461075.049202 5064818.415000
3826672.523500 461072.694203 5064816.637000
3826673.430500 461068.846203 5064816.304000
3826676.182500 461067.642203 5064814.347000
3826675.640500 461064.099203 5064815.074000
3826673.065500 461060.409203 5064817.341000
3826667.303500 461059.716202 5064821.728000
3826664.852500 461060.909202 5064823.460000
3826662.304500 461063.951202 5064825.098000
3826661.545500 461068.138202 5064825.289000
3826662.295500 461073.781202 5064824.216000
3826664.152500 461077.825202 5064822.456000
3826667.326500 461079.481202 5064819.925000
3826670.414500 461078.446203 5064817.700000
3826673.748500 461075.740203 5064815.443000
3826675.834500 461071.745203 5064814.237000
3826679.944500 461065.300203 5064811.735000
3826679.158500 461061.679203 5064812.652000
3826677.340500 461059.661203 5064814.199000
3826671.560500 461056.633203 5064818.812000
3826670.035500 461054.433202 5064820.155000
3826664.490500 461057.654202 5064824.026000
3826661.247500 461060.923202 5064826.165000
3826657.728500 461064.137202 5064828.516000
3826658.222500 461067.390202 5064827.851000
3826658.456500 461072.098202 5064827.250000
3826660.603500 461078.399202 5064825.068000
3826661.860500 461080.609202 5064823.926000
3826665.802500 461082.383202 5064820.807000
3826668.533500 461084.560202 5064818.560000
3826675.105500 461080.770203 5064813.969000
3826677.353500 461077.802203 5064812.550000
3826679.846500 461073.137203 5064811.100000
3826687.931510 461018.878204 5064809.936000
3826629.117500 461048.374199 5064851.417000
3826596.773490 461145.130197 5064866.950000
3826594.753490 461144.887197 5064868.488000
3826595.435490 461147.235197 5064867.764000
3826597.573490 461147.492197 5064866.136000
3826598.792490 461145.373197 5064865.412000
3826598.111490 461143.025197 5064866.136000
3826595.973490 461142.767197 5064867.764000
3826597.851490 461150.677197 5064865.640000
3826600.503490 461148.322197 5064863.862000
3826601.410490 461144.474197 5064863.529000
3826600.147490 461140.933197 5064864.796000
3826597.306490 461139.356197 5064867.072000
3826594.215490 461140.480197 5064869.291000
3826592.320490 461143.781197 5064870.414000
3826592.510490 461147.711197 5064869.917000
3826594.694490 461150.435197 5064868.031000
3826594.027490 461153.953197 5064868.214000
3826596.791490 461154.973197 5064866.047000
3826600.770490 461153.865197 5064863.161000
3826604.403490 461147.954198 5064860.968000
3826604.912490 461144.768198 5064860.874000
3826604.188490 461140.637198 5064861.791000
3826601.686490 461137.921197 5064863.914000
3826597.346490 461136.172197 5064867.330000
3826593.514490 461136.346197 5064870.190000
3826590.625490 461139.024197 5064872.117000
3826589.657490 461142.828197 5064872.500000
3826589.718490 461147.654197 5064872.017000
3826591.359490 461151.718197 5064870.418000
3826593.601490 461159.078197 5064868.070000
3826596.554490 461159.869197 5064865.783000
3826598.953490 461158.822197 5064864.076000
3826604.222490 461153.948198 5064860.561000
3826606.588490 461153.301198 5064858.844000
3826607.378490 461145.851198 5064858.925000
3826606.875490 461140.868198 5064859.753000
3826606.561490 461135.611198 5064860.464000
3826604.025490 461134.669198 5064862.452000
3826600.618490 461132.789197 5064865.180000
3826595.055490 461132.253197 5064869.404000
3826592.828490 461132.608197 5064871.043000
3826589.439490 461136.062197 5064873.275000
3826586.428490 461138.026196 5064875.358000
3826585.474490 461146.840196 5064875.277000
3826586.311490 461150.614196 5064874.307000
3826588.196490 461155.420196 5064872.458000
3826629.969490 461178.945199 5064838.976000
3826626.771500 461100.374199 5064848.479000
3826533.404490 461098.918192 5064918.692000
3826531.384490 461098.674192 5064920.230000
3826532.065490 461101.023192 5064919.506000
3826534.204490 461101.280192 5064917.878000
3826535.423490 461099.161193 5064917.154000
3826534.742490 461096.813193 5064917.878000
3826532.604490 461096.555192 5064919.506000
3826528.951490 461097.568192 5064922.156000
3826529.140490 461101.500192 5064921.659000
3826531.325490 461104.223192 5064919.773000
3826534.481490 461104.465192 5064917.382000
3826537.134490 461102.110193 5064915.604000
3826538.041490 461098.262193 5064915.271000
3826536.778490 461094.721193 5064916.538000
3826533.937490 461093.144192 5064918.814000
3826530.846490 461094.268192 5064921.032000
3826528.761490 461091.953192 5064922.807000
3826526.538490 461094.477192 5064924.247000
3826525.135490 461099.276192 5064924.866000
3826527.264490 461105.878192 5064922.671000
3826529.204490 461107.873192 5064921.035000
3826532.478490 461108.962192 5064918.479000
3826535.737490 461107.492193 5064916.165000
3826539.329490 461103.595193 5064913.822000
3826541.303490 461099.378193 5064912.721000
3826541.018490 461095.045193 5064913.326000
3826538.898490 461092.275193 5064915.168000
3826535.504490 461090.155193 5064917.908000
3826531.776490 461090.087192 5064920.712000
3826525.424490 461089.172192 5064925.563000
3826523.258490 461092.002192 5064926.932000
3826522.676490 461095.068192 5064927.092000
3826523.188490 461102.967192 5064925.994000
3826522.346490 461105.817192 5064926.369000
3826527.102490 461110.045192 5064922.416000
3826530.848490 461111.759192 5064919.450000
3826534.681490 461113.802193 5064916.388000
3826536.724490 461111.490193 5064915.064000
3826539.896490 461108.662193 5064912.938000
3826543.311490 461102.898193 5064910.896000
3826544.282490 461100.331193 5064910.399000
3826543.729490 461095.105193 5064911.286000
3826544.009490 461090.964193 5064911.451000
3826538.391490 461085.938193 5064916.121000
3826535.306490 461085.134193 5064918.510000
3826530.927490 461084.993192 5064921.810000
3826523.497490 461153.009192 5064921.239000
3826576.322490 461108.390196 5064885.621000
3826667.112490 461285.801202 5064801.564000
3826665.093480 461285.558202 5064803.102000
3826665.774480 461287.906202 5064802.378000
3826667.912480 461288.164202 5064800.750000
3826669.131490 461286.044202 5064800.026000
3826668.450490 461283.696202 5064800.750000
3826666.312490 461283.438202 5064802.378000
3826669.393480 461290.680202 5064799.411000
3826671.461490 461287.540202 5064798.143000
3826671.493490 461283.586202 5064798.476000
3826669.476490 461280.669202 5064800.253000
3826666.353490 461280.154202 5064802.645000
3826663.584490 461282.280202 5064804.530000
3826662.467480 461286.054202 5064805.028000
3826663.523480 461289.710202 5064803.905000
3826666.259480 461291.536202 5064801.686000
3826666.387480 461295.095202 5064801.268000
3826669.311480 461295.110202 5064799.072000
3826672.950480 461292.693203 5064796.559000
3826675.186490 461285.851203 5064795.499000
3826674.977490 461282.660203 5064795.944000
3826673.355490 461279.000203 5064797.493000
3826670.311490 461277.290202 5064799.932000
3826665.685490 461277.127202 5064803.419000
3826661.984490 461278.609202 5064806.063000
3826659.758490 461282.136202 5064807.416000
3826659.655480 461286.069202 5064807.137000
3826660.785480 461290.615202 5064805.878000
3826663.288480 461293.896202 5064803.703000
3826667.108480 461300.090202 5064800.276000
3826670.165480 461299.825202 5064798.005000
3826672.275480 461298.008203 5064796.585000
3826676.339480 461291.586203 5064794.116000
3826678.505490 461290.159203 5064792.619000
3826677.624490 461282.838203 5064793.942000
3826676.028490 461278.295203 5064795.550000
3826674.557490 461273.429203 5064797.094000
3826671.872490 461273.408203 5064799.111000
3826668.129490 461272.800202 5064801.975000
3826662.581490 461274.206202 5064806.013000
3826660.486490 461275.307202 5064807.486000
3826657.942490 461279.742201 5064808.995000
3826655.438480 461282.635201 5064810.613000
3826656.461480 461291.304201 5064809.062000
3826658.115480 461294.587201 5064807.523000
3826661.021480 461298.486202 5064804.989000
3826626.385490 461248.132199 5064835.539000
3826634.614480 461338.631200 5064821.182000
3826346.308510 460792.063179 5065087.107000
3826344.289510 460791.820179 5065088.645000
3826344.970510 460794.168179 5065087.921000
3826347.108510 460794.426179 5065086.293000
3826348.327510 460792.306179 5065085.569000
3826347.646510 460789.958179 5065086.293000
3826345.508510 460789.700179 5065087.921000
3826348.672510 460786.931179 5065085.796000
3826345.549510 460786.416179 5065088.188000
3826342.780510 460788.542179 5065090.073000
3826341.663510 460792.316178 5065090.571000
3826342.719510 460795.972179 5065089.448000
3826345.455510 460797.798179 5065087.229000
3826348.590510 460796.941179 5065084.954000
3826350.657510 460793.802179 5065083.686000
3826350.689510 460789.848179 5065084.019000
3826353.110510 460787.764179 5065082.390000
3826351.794510 460784.597179 5065083.664000
3826348.463510 460781.989179 5065086.400000
3826342.684510 460783.316179 5065090.618000
3826340.557510 460785.285178 5065092.036000
3826338.743510 460789.040178 5065093.059000
3826338.931510 460793.263178 5065092.536000
3826340.914510 460798.347178 5065090.588000
3826343.623510 460801.535179 5065088.266000
3826347.088510 460802.011179 5065085.623000
3826349.873510 460799.970179 5065083.716000
3826352.528510 460796.264179 5065082.059000
3826353.679510 460791.766179 5065081.601000
3826356.262510 460784.254180 5065080.341000
3826354.692510 460781.096179 5065081.805000
3826352.470510 460779.811179 5065083.589000
3826346.156510 460778.935179 5065088.408000
3826344.181510 460777.375179 5065090.031000
3826339.481510 460782.331178 5065093.111000
3826337.040510 460786.538178 5065094.563000
3826334.318510 460790.789178 5065096.222000
3826335.520510 460793.698178 5065095.057000
3826336.793510 460798.074178 5065093.706000
3826340.286510 460803.298178 5065090.612000
3826342.002510 460804.958178 5065089.174000
3826346.243510 460805.280179 5065085.961000
3826349.392510 460806.402179 5065083.496000
3826354.967510 460800.557179 5065079.840000
3826356.503510 460796.976180 5065079.010000
3826357.903510 460791.704180 5065078.436000
3826338.528500 460856.650178 5065087.109000
3826397.828510 460798.270183 5065047.874000
3826923.589520 460915.393221 5064643.461000
3826921.570520 460915.150221 5064644.999000
3826922.251520 460917.498221 5064644.275000
3826924.389520 460917.756221 5064642.647000
3826925.608520 460915.636221 5064641.923000
3826924.927520 460913.288221 5064642.647000
3826922.789520 460913.030221 5064644.275000
3826923.379520 460921.177221 5064643.096000
3826926.411520 460919.791221 5064640.945000
3826928.123520 460916.347222 5064639.972000
3826927.713520 460912.456222 5064640.631000
3826925.373520 460909.939221 5064642.615000
3826922.199520 460909.975221 5064644.994000
3826919.675520 460912.545221 5064646.657000
3826918.983520 460916.449221 5064646.823000
3826920.446520 460919.857221 5064645.417000
3826919.034520 460923.062221 5064646.187000
3826921.424520 460925.008221 5064644.217000
3826925.435520 460925.293221 5064641.180000
3826930.183520 460920.772222 5064638.025000
3826931.372520 460917.838222 5064637.398000
3826931.602520 460913.555222 5064637.612000
3826929.836520 460910.045222 5064639.255000
3826926.117520 460906.846221 5064642.336000
3826922.452520 460905.698221 5064645.191000
3826919.125520 460907.319221 5064647.542000
3826917.365520 460910.700221 5064648.557000
3826916.353520 460915.432221 5064648.889000
3826917.006520 460919.963221 5064647.989000
3826917.496520 460927.918221 5064646.903000
3826920.114520 460929.706221 5064644.776000
3826922.617520 460929.508221 5064642.915000
3826928.684520 460926.563222 5064638.627000
3826931.066520 460926.743222 5064636.823000
3826933.465520 460919.743222 5064635.655000
3826934.093520 460914.705222 5064635.638000
3826934.962520 460909.466222 5064635.460000
3826932.770520 460907.674222 5064637.267000
3826929.963520 460904.667222 5064639.646000
3826924.818520 460902.232221 5064643.728000
3826922.632520 460901.814221 5064645.407000
3826918.657520 460904.020221 5064648.191000
3826915.374520 460904.902221 5064650.576000
3826912.517520 460913.179220 5064651.972000
3826912.473520 460917.150220 5064651.646000
3826913.192520 460922.489220 5064650.624000
3826915.809520 460979.980221 5064643.463000
3826975.109520 460921.600225 5064604.228000
3826462.097460 461501.902187 5064935.798000
3826460.078460 461501.659187 5064937.336000
3826460.759460 461504.007187 5064936.612000
3826462.897460 461504.265187 5064934.984000
3826464.116460 461502.145187 5064934.260000
3826463.435460 461499.797187 5064934.984000
3826461.297460 461499.539187 5064936.612000
3826457.452460 461502.155187 5064939.262000
3826458.508460 461505.811187 5064938.139000
3826461.244460 461507.638187 5064935.920000
3826464.378460 461506.781187 5064933.645000
3826466.446460 461503.641187 5064932.377000
3826466.478460 461499.687187 5064932.710000
3826464.461460 461496.770187 5064934.487000
3826461.338460 461496.255187 5064936.879000
3826458.569460 461498.381187 5064938.764000
3826456.021460 461496.907187 5064940.810000
3826454.411460 461500.059186 5064941.734000
3826454.104460 461505.084186 5064941.510000
3826457.647460 461510.600187 5064938.352000
3826459.983460 461511.819187 5064936.488000
3826463.420460 461511.726187 5064933.917000
3826466.276460 461509.213187 5064932.001000
3826468.918460 461504.292187 5064930.462000
3826469.910460 461499.622188 5064930.139000
3826468.672460 461495.619187 5064931.431000
3826465.988460 461493.727187 5064933.616000
3826462.204460 461492.888187 5064936.532000
3826458.550460 461494.104187 5064939.165000
3826452.147460 461495.422186 5064943.852000
3826450.660460 461498.844186 5064944.659000
3826450.772460 461501.947186 5064944.295000
3826453.022460 461509.246186 5064941.946000
3826452.832460 461512.232186 5064941.819000
3826458.412460 461514.598187 5064937.416000
3826462.448460 461514.934187 5064934.356000
3826466.643460 461515.549187 5064931.152000
3826468.125460 461512.658187 5064930.301000
3826470.595460 461508.892188 5064928.787000
3826472.650460 461502.262188 5064927.844000
3826473.029460 461499.500188 5064927.810000
3826471.332460 461494.744188 5064929.513000
3826470.686460 461490.729188 5064930.361000
3826464.089460 461487.905187 5064935.568000
3826460.898460 461488.204187 5064937.936000
3826456.593460 461489.575187 5064941.044000
3826413.588460 461528.823183 5064969.777000
3826481.121460 461560.942188 5064916.182000
3826406.586530 460538.556183 5065064.841000
3826404.567530 460538.313183 5065066.379000
3826405.248530 460540.661183 5065065.655000
3826407.386530 460540.919183 5065064.027000
3826408.605530 460538.799184 5065063.303000
3826407.924530 460536.451183 5065064.027000
3826405.786530 460536.193183 5065065.655000
3826410.710530 460535.619184 5065062.011000
3826408.370530 460533.102183 5065063.995000
3826405.196530 460533.138183 5065066.374000
3826402.672530 460535.708183 5065068.037000
3826401.980530 460539.612183 5065068.203000
3826403.443530 460543.020183 5065066.797000
3826406.376530 460544.340183 5065064.476000
3826409.408530 460542.954184 5065062.325000
3826411.120530 460539.510184 5065061.352000
3826413.991530 460539.281184 5065059.217000
3826414.264530 460535.636184 5065059.342000
3826412.644530 460531.149184 5065060.963000
3826407.344530 460528.491183 5065065.181000
3826404.762530 460528.814183 5065067.091000
3826401.675530 460530.907183 5065069.219000
3826400.030530 460534.733183 5065070.108000
3826399.488530 460540.500183 5065069.993000
3826400.349530 460545.086183 5065068.933000
3826402.986530 460547.793183 5065066.708000
3826406.138530 460547.844183 5065064.338000
3826409.892530 460546.349184 5065061.655000
3826412.752530 460543.167184 5065059.796000
3826418.070530 460538.287184 5065056.245000
3826418.129530 460534.482184 5065056.545000
3826416.857530 460531.888184 5065057.734000
3826412.057530 460526.945184 5065061.784000
3826411.102530 460524.274184 5065062.742000
3826405.140530 460525.511183 5065067.106000
3826401.346530 460527.586183 5065069.765000
3826397.305530 460529.515183 5065072.625000
3826397.050530 460532.860183 5065072.514000
3826396.228530 460537.538183 5065072.708000
3826396.863530 460544.426183 5065071.608000
3826397.562530 460547.015183 5065070.850000
3826400.900530 460550.101183 5065068.065000
3826403.002530 460553.165183 5065066.210000
3826410.061530 460551.725184 5065061.042000
3826412.846530 460549.601184 5065059.143000
3826416.240530 460545.905184 5065056.931000
3826454.754530 460510.612187 5065031.211010
3826386.720530 460479.997182 5065085.045000
3826891.616560 460387.862219 5064715.264000
3826889.597560 460387.619219 5064716.802000
3826890.278560 460389.967219 5064716.078000
3826892.416560 460390.225219 5064714.450000
3826893.635560 460388.105219 5064713.726000
3826892.954560 460385.757219 5064714.450000
3826890.816560 460385.499219 5064716.078000
3826895.402560 460384.260219 5064712.748000
3826892.786560 460382.193219 5064714.898000
3826889.623560 460382.779219 5064717.220000
3826887.392560 460385.743219 5064718.626000
3826887.137560 460389.698219 5064718.460000
3826888.979560 460392.795219 5064716.798000
3826892.054560 460393.583219 5064714.418000
3826894.924560 460391.694219 5064712.434000
3826896.247560 460388.012219 5064711.775000
3826899.086560 460387.289220 5064709.709000
3826898.950560 460383.660220 5064710.139000
3826896.832560 460379.531220 5064712.102000
3826891.246560 460377.840219 5064716.448000
3826888.705560 460378.604219 5064718.286000
3826885.860560 460381.197219 5064720.187000
3826884.647560 460385.243219 5064720.732000
3826884.751560 460391.004219 5064720.133000
3826886.124560 460395.362219 5064718.708000
3826889.057560 460397.565219 5064716.308000
3826892.209560 460397.068219 5064713.987000
3826895.787560 460394.947219 5064711.493000
3826898.285560 460391.323220 5064709.946000
3826903.045560 460385.605220 5064706.890000
3826902.678560 460381.855220 5064707.504000
3826901.117560 460379.526220 5064708.886000
3826895.775560 460375.502219 5064713.260000
3826894.524560 460373.042219 5064714.421000
3826888.713560 460375.294219 5064718.579000
3826885.160560 460377.992219 5064721.002000
3826881.343560 460380.588218 5064723.633000
3826881.464560 460383.920218 5064723.241000
3826881.167560 460388.659218 5064723.035000
3826882.572560 460395.318218 5064721.379000
3826883.560560 460397.742219 5064720.418000
3826887.235560 460400.194219 5064717.438000
3826889.675560 460402.841219 5064715.367000
3826896.558560 460400.201219 5064710.439000
3826899.099560 460397.629220 5064708.764000
3826902.071560 460393.407220 5064706.915000
3826883.836550 460452.449219 5064715.266000
3826943.136560 460394.069223 5064676.031000
