3826579.492500 461005.105196 5064892.578000
3826578.065500 461002.706196 5064893.866000
3826566.278500 461008.429195 5064902.196000
3826561.238500 461023.545195 5064904.613000
3826561.048500 461028.462194 5064904.311000
3826567.371500 461037.218195 5064898.774000
3826577.471500 461040.701196 5064890.878000
3826583.820500 461041.021196 5064886.083000
3826590.492500 461028.842197 5064882.175000
3826593.010500 461021.160197 5064880.980000
3826589.881500 461012.254197 5064884.134000
3826590.888500 461004.124197 5064884.112000
3826581.799500 460998.392196 5064891.453000
3826571.486500 460998.986195 5064899.140000
3826566.799500 461001.550195 5064902.426000
3826561.056500 461006.369194 5064906.301000
3826557.923500 461023.707194 5064907.087000
3826558.452500 461031.588194 5064905.977000
3826563.447500 461043.574195 5064901.145000
3826574.094500 461047.864195 5064892.765000
3826581.534500 461047.956196 5064887.172000
3826589.542500 461041.302197 5064881.763000
3826597.988500 461028.593197 5064876.571000
3826597.031500 461011.026197 5064878.878000
3826596.814500 460997.283197 5064880.282000
3826585.611500 460992.916196 5064889.087000
3826573.967500 460992.191195 5064897.892000
3826567.574500 460993.250195 5064902.595000
3826556.250500 461006.503194 5064909.897000
3826549.777500 461023.012194 5064913.263000
3826551.123500 461035.050194 5064911.165000
3826556.956500 461040.527194 5064906.292000
3826562.717500 461052.851195 5064900.854000
3826577.449500 461056.665196 5064889.451000
3826584.539500 461054.769196 5064884.300000
3826595.997500 461046.957197 5064876.406000
3826598.671500 461039.287197 5064875.092000
3826603.738500 461019.411198 5064873.085000
3826600.940500 461013.887197 5064875.685000
3826605.295500 461010.467198 5064872.725000
3826585.073500 460981.955196 5064890.481000
3826564.739500 460986.971195 5064905.291000
3826551.009500 460998.299194 5064914.572000
3826546.172500 461013.473193 5064916.832000
3826556.131500 461055.945194 5064905.517000
3826573.680500 461059.292195 5064892.043000
3826586.498500 461061.863196 5064882.189000
3826607.822500 461026.590198 5064869.371000
3826527.881500 460940.655192 5064937.143000
3826530.332500 460940.201192 5064935.344000
3826532.793510 460924.878192 5064934.882000
3826525.021510 460912.584192 5064941.827000
3826521.701510 460910.152192 5064944.539000
3826512.144510 460913.012191 5064951.454000
3826504.196510 460922.342190 5064956.577000
3826500.500500 460929.054190 5064958.744000
3826505.334500 460941.780190 5064953.966000
3826509.307500 460947.981191 5064950.423000
3826517.220500 460948.636191 5064944.424000
3826522.331500 460953.408192 5064940.156000
3826531.295500 460946.188192 5064934.080000
3826536.521510 460934.781193 5064931.189000
3826537.298510 460928.557193 5064931.168000
3826537.082510 460920.171193 5064932.088000
3826526.721510 460908.930192 5064940.881000
3826520.943510 460905.931192 5064945.489000
3826509.863510 460905.894191 5064953.809000
3826501.054510 460915.450190 5064959.558000
3826496.920500 460923.443190 5064961.938000
3826497.175500 460935.107190 5064960.693000
3826501.408500 460949.988190 5064956.171000
3826514.166500 460956.915191 5064945.968000
3826523.855500 460962.908192 5064938.154000
3826533.025500 460952.786192 5064932.186000
3826539.897510 460940.539193 5064928.134000
3826542.655510 460933.155193 5064926.731000
3826539.617510 460914.920193 5064930.660000
3826531.660510 460900.448192 5064937.941000
3826522.539510 460896.447192 5064945.148000
3826515.535510 460900.265191 5064950.061000
3826503.801510 460900.903190 5064958.811000
3826493.089510 460915.084190 5064965.570000
3826490.532500 460923.602189 5064966.718990
3826489.706500 460939.517189 5064965.900990
3826493.586500 460945.880190 5064962.412990
3826504.658500 460960.358190 5064952.794000
3826510.036500 460959.840191 5064948.804000
3826510.036500 460966.093191 5064948.239000
3826540.952500 460957.174193 5064925.839000
3826548.578510 460932.938194 5064922.305000
3826548.197510 460912.976194 5064924.395000
3826540.275510 460900.877193 5064931.436000
3826505.248510 460892.388190 5064958.494000
3826493.321510 460909.823190 5064965.871000
3826484.521500 460922.503189 5064971.330990
3826497.425500 460961.517190 5064958.119000
3826640.767510 460946.686200 5064851.863000
3826639.743510 460949.538200 5064852.374000
3826649.069510 460959.139201 5064844.506000
3826661.881510 460956.316202 5064835.144000
3826665.390510 460953.832202 5064832.734000
3826668.624510 460942.216202 5064831.357000
3826666.474510 460929.403202 5064834.129000
3826663.820510 460922.371202 5064836.757000
3826652.313510 460921.824201 5064845.443000
3826645.822510 460923.306201 5064850.182000
3826641.039510 460931.555200 5064853.027000
3826634.920510 460934.914200 5064857.316000
3826635.046510 460947.866200 5064856.050000
3826640.133510 460958.679200 5064851.255000
3826644.043510 460962.338201 5064847.989000
3826650.001510 460965.905201 5064843.194000
3826663.496510 460959.809202 5064833.616000
3826668.745510 460954.927202 5064830.117000
3826674.830510 460942.977203 5064826.630000
3826672.992510 460929.132203 5064829.261000
3826669.685510 460921.047203 5064832.474000
3826661.423510 460916.036202 5064839.129000
3826648.744510 460913.865201 5064848.842000
3826636.943510 460924.505200 5064856.738000
3826627.470510 460932.254199 5064863.148000
3826629.505510 460946.744200 5064860.311000
3826634.276510 460959.716200 5064855.557000
3826637.911510 460966.041200 5064852.258000
3826652.272510 460971.023201 5064841.027000
3826666.703510 460968.985202 5064830.380000
3826674.477510 460960.948203 5064825.271000
3826675.648510 460951.654203 5064825.232000
3826681.621510 460938.692203 5064821.920000
3826677.602510 460920.696203 5064826.563000
3826673.068510 460914.075203 5064830.565000
3826662.436510 460905.971202 5064839.278000
3826655.882510 460907.279202 5064844.079000
3826639.744510 460912.676200 5064855.705000
3826637.164510 460918.719200 5064857.095000
3826632.809510 460915.885200 5064860.620000
3826622.115510 460953.317199 5064865.264000
3826634.822510 460972.536200 5064853.989000
3826648.933510 460981.170201 5064842.617000
3826661.693510 460978.096202 5064833.316000
3826686.760510 460944.113204 5064817.572000
3826681.140510 460923.330203 5064823.669000
3826677.121510 460908.080203 5064828.064000
3826642.893510 460904.339201 5064854.095000
3826683.049500 461070.888203 5064808.900000
3826685.005500 461068.896204 5064807.611000
3826680.632500 461054.715203 5064812.176000
3826668.579500 461049.779202 5064821.668000
3826664.631500 461049.979202 5064824.614000
3826657.472500 461058.639202 5064829.205000
3826654.480500 461071.536201 5064830.285000
3826654.101500 461079.478201 5064829.852000
3826663.761500 461086.710202 5064821.947000
3826669.887500 461089.165202 5064817.127000
3826677.104500 461084.473203 5064812.134000
3826683.619500 461085.005203 5064807.196000
3826688.400500 461073.167204 5064804.677000
3826688.121500 461060.365204 5064806.043000
3826686.149500 461054.752204 5064808.031000
3826682.387500 461048.024203 5064811.463000
3826668.512500 461045.661202 5064822.091000
3826662.169500 461047.021202 5064826.729000
3826652.439500 461054.314201 5064833.374000
3826648.787500 461067.965201 5064834.881000
3826648.570500 461077.246201 5064834.205000
3826653.765500 461086.635201 5064829.457000
3826663.817500 461096.031202 5064821.063000
3826677.955500 461093.274203 5064810.700000
3826689.003500 461091.782204 5064802.541000
3826692.729500 461077.430204 5064801.042000
3826693.534500 461062.853204 5064801.755000
3826692.806500 461054.979204 5064803.014000
3826682.372500 461042.045203 5064812.015000
3826669.227500 461035.447202 5064822.477000
3826659.527500 461038.196202 5064829.511000
3826655.013500 461045.953201 5064832.198000
3826644.998500 461054.230201 5064838.967000
3826641.649500 461072.931200 5064839.790000
3826643.037500 461081.599200 5064837.965000
3826649.096500 461095.184201 5064832.189000
3826655.209500 461097.834201 5064827.361000
3826671.086500 461102.380203 5064815.033000
3826675.580500 461098.401203 5064812.019000
3826678.245500 461103.525203 5064809.556000
3826701.548500 461075.785205 5064794.571000
3826697.907500 461050.887205 5064799.555000
3826689.066500 461034.784204 5064807.646000
3826676.963500 461030.104203 5064817.154000
3826642.637500 461046.296200 5064841.456000
3826639.610500 461068.466200 5064841.724000
3826637.298500 461084.670200 5064841.995000
3826665.238500 461108.110202 5064818.904000
3826588.011490 461159.899196 5064872.192000
3826588.329490 461162.913196 5064871.681000
3826600.597490 461164.616197 5064862.319000
3826610.626490 461153.837198 5064855.765000
3826612.645490 461149.482198 5064854.643000
3826610.530490 461137.826198 5064857.284000
3826603.184490 461128.748198 5064863.619000
3826597.860490 461124.740197 5064867.977000
3826587.540490 461131.897196 5064875.077000
3826582.480490 461137.401196 5064878.377000
3826581.802490 461147.323196 5064877.990000
3826577.868490 461154.117196 5064880.328000
3826583.498490 461164.646196 5064875.150000
3826592.566490 461170.144197 5064867.847000
3826597.553490 461170.559197 5064864.066000
3826604.298490 461169.544198 5064859.095000
3826613.531490 461155.630198 5064853.422000
3826616.052490 461148.162198 5064852.205000
3826616.294490 461134.350198 5064853.271000
3826608.784490 461124.219198 5064859.825000
3826602.439490 461119.780197 5064864.989000
3826593.059490 461121.135197 5064871.907000
3826581.018490 461127.734196 5064880.348000
3826575.206490 461144.252195 5064883.218000
3826570.204490 461156.862195 5064885.833000
3826578.162490 461167.388196 5064878.908000
3826587.873490 461174.865196 5064870.943000
3826593.755490 461177.645197 5064866.276000
3826608.469490 461172.237198 5064855.721000
3826620.253490 461161.031199 5064847.889000
3826623.644490 461149.308199 5064846.403000
3826620.710490 461140.918199 5064849.364000
3826620.422490 461126.350199 5064850.896000
3826609.230500 461114.260198 5064860.390000
3826602.433500 461111.832197 5064865.712000
3826589.658490 461112.218197 5064875.266000
3826584.469490 461117.621196 5064878.672000
3826572.621490 461132.708195 5064886.202000
3826572.934490 461139.365195 5064885.365000
3826567.908490 461139.921195 5064889.087000
3826574.484490 461177.659195 5064880.740000
3826593.816490 461185.008197 5064865.565000
3826609.866490 461182.757198 5064853.721000
3826619.744490 461171.806199 5064847.297000
3826627.238500 461127.396199 5064845.686000
3826613.453500 461114.081198 5064857.236000
3826603.432500 461104.241198 5064865.647000
3826571.828490 461123.796195 5064887.603000
3826527.909490 461082.763192 5064924.277000
3826525.636490 461081.740192 5064926.075000
3826517.741490 461094.218191 5064930.874000
3826519.764490 461109.935191 5064927.935000
3826521.693490 461114.089192 5064926.111000
3826530.968490 461117.085192 5064918.878000
3826541.306490 461113.264193 5064911.463000
3826547.009490 461109.331193 5064907.538000
3826547.669490 461094.942193 5064908.344000
3826546.603490 461086.983193 5064909.863000
3826540.064500 461081.754193 5064915.244000
3826537.483500 461074.428193 5064917.844000
3826527.071490 461075.738192 5064925.540000
3826518.282490 461083.039191 5064931.477000
3826515.266490 461088.238191 5064933.272000
3826512.285490 461095.982191 5064934.809000
3826516.926490 461112.259191 5064929.854000
3826520.749490 461118.367191 5064926.433000
3826530.236490 461124.886192 5064918.722000
3826541.398490 461121.365193 5064910.662000
3826547.961490 461116.524193 5064906.174000
3826552.146490 461105.780194 5064904.004000
3826554.135490 461089.784194 5064903.957000
3826545.809500 461076.022193 5064911.449000
3826539.762500 461064.905193 5064916.993000
3826528.079500 461068.731192 5064925.417000
3826517.561490 461075.832191 5064932.670000
3826512.409490 461080.924191 5064936.078000
3826508.128490 461099.268191 5064937.631990
3826509.489490 461117.072191 5064935.001990
3826515.799490 461126.046191 5064929.454000
3826523.247490 461126.679192 5064923.806000
3826533.550490 461132.970192 5064915.505000
3826548.091490 461126.360193 5064905.187000
3826553.499490 461120.120194 5064901.692000
3826560.216490 461106.147194 5064897.913000
3826559.291490 461098.095194 5064899.335000
3826555.263500 461078.462194 5064904.133000
3826550.456500 461075.783194 5064907.984000
3826552.817500 461070.104194 5064906.725000
3826522.937500 461060.105192 5064930.056000
3826507.247490 461077.654191 5064940.246990
3826500.037490 461096.010190 5064943.999990
3826502.263490 461111.639190 5064940.916990
3826529.095490 461139.857192 5064918.226000
3826545.906490 461131.003193 5064906.408000
3826558.240490 461124.638194 5064897.725000
3826561.903500 461081.644195 5064898.861000
3826661.833480 461302.790202 5064803.991000
3826662.812480 461305.533202 5064803.008000
3826675.164480 461302.927203 5064793.972000
3826682.565490 461289.278203 5064789.650000
3826683.571490 461284.463203 5064789.330000
3826678.922490 461274.160203 5064793.751000
3826669.739490 461268.095202 5064801.193000
3826663.653490 461266.132202 5064805.938000
3826655.165490 461276.452201 5064811.376000
3826651.446480 461283.400201 5064813.540000
3826652.983480 461293.023201 5064811.517000
3826650.650480 461300.805201 5064812.565000
3826658.480480 461308.833202 5064805.962000
3826668.550480 461310.919202 5064798.214000
3826673.511480 461309.597203 5064794.610000
3826679.869480 461306.319203 5064790.134000
3826685.798490 461289.977204 5064787.160000
3826686.604490 461282.043204 5064787.273000
3826683.779490 461268.888203 5064790.583000
3826674.201490 461261.884203 5064798.404000
3826667.023490 461259.863202 5064803.975000
3826658.168490 461264.370202 5064810.214000
3826647.876490 461274.755201 5064817.001000
3826645.864480 461292.384201 5064816.918000
3826643.776480 461306.037200 5064817.251000
3826653.878480 461313.263201 5064809.015000
3826665.015480 461316.999202 5064800.318000
3826671.374480 461317.609202 5064795.490000
3826684.539480 461307.433203 5064786.528000
3826693.558490 461292.778204 5064781.083000
3826694.269490 461280.518204 5064781.657000
3826689.545490 461273.587204 5064785.830000
3826686.035490 461259.900204 5064789.701000
3826672.429490 461252.306203 5064800.600000
3826665.256490 461252.344202 5064805.981000
3826652.872490 461257.101201 5064814.847000
3826649.003490 461263.997201 5064817.128000
3826640.782480 461282.348200 5064821.640000
3826642.563480 461288.539200 5064819.743000
3826637.781480 461290.793200 5064823.129000
3826652.565480 461324.247201 5064809.009000
3826673.065480 461324.556203 5064793.593000
3826688.235480 461316.908204 5064782.897000
3826695.449480 461303.150204 5064778.726000
3826692.921490 461258.546204 5064784.655000
3826676.513490 461250.684203 5064797.681000
3826664.549490 461244.817202 5064807.192000
3826638.032480 461274.186200 5064824.442000
3826360.532510 460788.474180 5065076.755000
3826361.999510 460785.917180 5065075.885000
3826354.587510 460774.000179 5065082.525000
3826341.727510 460773.472178 5065092.226000
3826337.918510 460775.018178 5065094.945000
3826332.849510 460785.674178 5065097.787000
3826332.786510 460798.909178 5065096.638000
3826334.177510 460806.555178 5065094.903000
3826345.211510 460810.078179 5065086.302000
3826351.735510 460810.295179 5065081.386000
3826357.740510 460803.374180 5065077.504000
3826364.217510 460801.638180 5065072.799000
3826366.261510 460788.790180 5065072.426000
3826363.150510 460776.773180 5065075.847000
3826359.981510 460772.139180 5065078.644000
3826354.817510 460767.064179 5065082.979000
3826340.749510 460769.598178 5065093.310000
3826334.858510 460773.066178 5065097.418000
3826326.977510 460783.311177 5065102.408000
3826326.439510 460797.486177 5065101.531000
3826328.283510 460806.343177 5065099.346000
3826335.435510 460813.443178 5065093.336000
3826347.331510 460818.879179 5065083.915000
3826360.520510 460811.411180 5065074.690000
3826370.976510 460806.200181 5065067.313000
3826371.431510 460791.338181 5065068.315000
3826368.987510 460777.266180 5065071.422000
3826366.530510 460770.065180 5065073.916000
3826353.477510 460761.411179 5065084.496000
3826339.183510 460759.686178 5065095.381000
3826330.323510 460765.622178 5065101.496000
3826327.636510 460774.514177 5065102.709000
3826319.694510 460785.790177 5065107.651000
3826320.571510 460804.638177 5065105.289000
3826323.847510 460812.364177 5065102.132000
3826332.773510 460823.138178 5065094.458000
3826339.328510 460823.545178 5065089.501000
3826355.834510 460822.389179 5065077.216000
3826359.339510 460817.078180 5065075.065000
3826363.076510 460821.012180 5065071.904000
3826379.676510 460786.749181 5065062.541000
3826370.601510 460764.440181 5065071.369000
3826358.401510 460752.239180 5065081.629000
3826345.550510 460751.970179 5065091.299000
3826315.631510 460779.094177 5065111.306000
3826317.590510 460801.114177 5065107.845000
3826318.925510 460817.244177 5065105.385000
3826351.396510 460829.822179 5065079.875000
3826912.023520 460926.798220 5064651.111000
3826911.657520 460929.850220 5064651.111000
3826922.888520 460935.730221 5064642.149000
3826934.770520 460928.655222 5064633.870000
3826937.645520 460925.097222 5064632.033000
3826938.226520 460912.992222 5064632.691000
3826933.287520 460901.606222 5064637.428000
3826929.137520 460895.863222 5064641.062000
3826917.785520 460899.301221 5064649.272000
3826911.776520 460902.936220 5064653.454000
3826908.935520 460912.386220 5064654.732000
3826903.706520 460917.668220 5064658.180000
3826906.700520 460929.881220 5064654.828000
3826914.063520 460938.365221 5064648.535000
3826918.691520 460940.485221 5064644.869000
3826925.298520 460941.812221 5064639.790000
3826937.120520 460931.404222 5064631.857000
3826941.162520 460924.980223 5064629.404000
3826944.453520 460911.580223 5064628.145000
3826939.590520 460899.109222 5064632.922000
3826934.570520 460892.594222 5064637.279000
3826925.394520 460890.694221 5064644.339000
3826912.535520 460892.996220 5064653.783000
3826903.374520 460907.123220 5064659.382000
3826895.845520 460917.712219 5064664.077000
3826901.042520 460930.724220 5064658.999000
3826908.576520 460941.360220 5064652.383000
3826913.526520 460946.097220 5064648.240000
3826928.649520 460945.875222 5064636.908000
3826942.285520 460938.986223 5064627.295000
3826948.092520 460928.709223 5064623.865000
3826947.175520 460919.509223 5064625.385000
3826950.132520 460905.190223 5064624.459000
3826942.220520 460889.541223 5064631.813000
3826936.327520 460884.833222 5064636.662000
3826924.151520 460880.820221 5064646.164000
3826918.044520 460884.310221 5064650.433000
3826903.487520 460894.965220 5064660.397000
3826902.308520 460901.570220 5064660.685000
3826897.428520 460900.386219 5064664.454000
3826895.285520 460939.485219 5064662.529000
3826911.951520 460953.305220 5064648.770000
3826927.639520 460956.625221 5064636.694000
3826939.414520 460949.331222 5064628.515000
3826956.351520 460908.554224 5064619.488000
3826946.257520 460890.818223 5064628.667000
3826938.954530 460877.767222 5064635.328000
3826904.712520 460885.993220 5064660.288000
3826453.152460 461488.503186 5064943.723000
3826450.706460 461488.316186 5064945.576000
3826445.766460 461502.838186 5064947.972000
3826451.225460 461517.017186 5064942.593000
3826454.028460 461520.285186 5064940.193000
3826463.746460 461519.932187 5064932.930000
3826472.992460 461512.762188 5064926.639000
3826477.687460 461507.079188 5064923.628000
3826475.141460 461493.235188 5064926.790000
3826472.336460 461486.070188 5064929.544000
3826464.794460 461483.371187 5064935.448000
3826460.650460 461477.323187 5064939.106000
3826450.777460 461482.142186 5064946.081000
3826443.817460 461492.074186 5064950.408000
3826442.024460 461498.030185 5064951.215000
3826440.831460 461506.383185 5064951.356000
3826448.969460 461520.191186 5064943.999000
3826454.055460 461524.657186 5064939.778000
3826464.761460 461527.566187 5064931.478000
3826474.878460 461520.397188 5064924.533000
3826480.210460 461513.559188 5064921.148000
3826481.914460 461501.953188 5064920.919000
3826480.310460 461486.132188 5064923.553000
3826469.134460 461475.968188 5064932.860000
3826460.766460 461467.526187 5064939.904000
3826450.205460 461475.167186 5064947.141000
3826441.512460 461485.502185 5064952.732000
3826437.616460 461492.093185 5064955.060000
3826437.501460 461510.925185 5064953.444000
3826442.775460 461527.303186 5064948.005000
3826450.924460 461533.623186 5064941.317000
3826458.335460 461531.666187 5064935.932000
3826469.791460 461534.073188 5064927.115000
3826482.515460 461522.825188 5064918.581000
3826486.416460 461515.055189 5064916.355000
3826489.869460 461499.527189 5064915.167000
3826487.189460 461492.224189 5064917.838000
3826478.904460 461475.030188 5064925.611000
3826473.611460 461474.150188 5064929.664000
3826474.662460 461467.961188 5064929.434000
3826443.278460 461468.773186 5064952.918000
3826431.846460 461490.773185 5064959.511000
3826428.885460 461510.622185 5064959.940000
3826434.515460 461524.646185 5064954.446000
3826466.966460 461542.123187 5064928.508000
3826481.413460 461527.970188 5064918.943000
3826492.042460 461517.707189 5064911.892000
3826486.088460 461475.754189 5064920.153000
3826419.770530 460544.810184 5065054.380000
3826422.062530 460543.537184 5065052.774000
3826421.067530 460528.191184 5065054.908000
3826410.756530 460519.229184 5065063.458000
3826406.976530 460518.067183 5065066.400000
3826398.281530 460524.060183 5065072.385000
3826392.589530 460535.622182 5065075.613000
3826390.471530 460543.244182 5065076.514000
3826398.009530 460553.625183 5065069.917000
3826403.263530 460558.127183 5065065.567000
3826411.132530 460556.027184 5065059.849000
3826417.179530 460558.786184 5065055.061000
3826424.329530 460548.873185 5065050.591000
3826426.902530 460536.282185 5065049.797000
3826426.281530 460530.124185 5065050.820000
3826424.212530 460522.262185 5065053.083000
3826411.605530 460515.187184 5065063.186000
3826405.300530 460514.334183 5065067.996000
3826394.476530 460518.108182 5065075.779000
3826387.994530 460530.179182 5065079.553000
3826385.732530 460539.164182 5065080.440000
3826388.566530 460550.114182 5065077.322000
3826395.996530 460562.743183 5065070.604000
3826409.986530 460564.912184 5065059.907000
3826420.773530 460567.253184 5065051.598000
3826427.480530 460554.523185 5065047.715000
3826431.474530 460540.571185 5065045.978000
3826432.530530 460532.634185 5065045.902000
3826425.522530 460516.421185 5065052.628000
3826414.546530 460505.462184 5065061.857000
3826404.756530 460504.810183 5065069.265000
3826398.765530 460510.831183 5065073.217000
3826387.452530 460515.468182 5065081.290000
3826380.139530 460532.571181 5065085.233000
3826379.531530 460541.511181 5065084.882000
3826382.252530 460556.856182 5065081.452000
3826387.451530 460561.544182 5065077.127000
3826401.468530 460571.439183 5065065.711000
3826406.603530 460569.100183 5065062.068000
3826407.988530 460575.018183 5065060.493000
3826436.191530 460555.949186 5065041.047000
3826438.264530 460530.393186 5065041.801000
3826433.467530 460511.633185 5065047.097000
3826423.051530 460502.906185 5065055.704000
3826386.977530 460506.912182 5065082.420000
3826379.199530 460527.513181 5065086.397000
3826373.419530 460542.537181 5065089.377000
3826394.663530 460575.023182 5065070.494000
3826905.471560 460391.719220 5064704.515000
3826907.616560 460390.072220 5064703.055000
3826904.905560 460375.162220 5064706.437000
3826893.614560 460368.144219 5064715.547000
3826889.712560 460367.660219 5064718.519000
3826881.707560 460375.058218 5064723.859000
3826877.322560 460387.408218 5064726.034000
3826876.060560 460395.266218 5064726.271000
3826884.744560 460404.160219 5064718.949000
3826890.490560 460407.672219 5064714.318000
3826898.108560 460404.242220 5064708.910000
3826904.450560 460405.904220 5064704.000000
3826910.475560 460394.922221 5064700.470000
3826911.633560 460382.100221 5064700.760000
3826910.324560 460376.158221 5064702.279000
3826907.379560 460368.791220 5064705.156000
3826894.009560 460364.025219 5064715.623000
3826887.622560 460364.281219 5064720.393000
3826877.244560 460369.869218 5064727.678000
3826872.128560 460382.857218 5064730.344000
3826870.876560 460392.079218 5064730.451000
3826874.929560 460402.349218 5064726.480000
3826883.757560 460413.469219 5064718.849000
3826897.959560 460413.172220 5064708.215000
3826908.984560 460413.601220 5064699.901000
3826914.251560 460399.926221 5064697.183000
3826916.675560 460385.522221 5064696.666000
3826916.840560 460377.539221 5064697.263000
3826908.033560 460362.823220 5064705.204000
3826895.854560 460353.958219 5064715.147000
3826886.013560 460355.016219 5064722.438000
3826880.710560 460361.973218 5064725.791000
3826869.941560 460368.493218 5064733.285000
3826864.557560 460386.572217 5064735.692000
3826864.951560 460395.462217 5064734.592000
3826869.384560 460410.069217 5064729.944000
3826875.095560 460413.775218 5064725.322000
3826890.189560 460421.066219 5064713.334000
3826895.051560 460417.875219 5064709.973000
3826897.096560 460423.451220 5064707.934000
3826923.103560 460399.817221 5064690.549000
3826922.310560 460374.342221 5064693.446000
3826915.424560 460356.738221 5064700.206000
3826904.055560 460349.969220 5064709.352000
3826868.509560 460360.168217 5064735.112000
3826863.053560 460381.763217 5064737.255000
3826858.967560 460397.531217 5064738.897000
3826883.801560 460425.768219 5064717.704000
